0	0.1	0.1
1	0.0166102	0.225899
2	0.00996611	0.34217
3	0.0182712	0.451797
4	0.0215932	0.566407
5	0.0149492	0.687662
6	0.00830509	0.810577
7	0.0149492	0.921865
8	0.0199322	1.04644
9	0.0249153	1.14444
10	0.0182712	1.21254
11	0.0182712	1.31387
12	0.0265763	1.38031
13	0.0265763	1.48329
14	0.0199322	1.55139
15	0.0298983	1.61783
16	0.00996611	1.70919
17	0.0166102	1.81383
18	0.0298983	1.862
19	0.0149492	1.93343
20	0.0215932	2.00651
21	0.0332204	2.07627
22	0.0465085	2.10617
23	0.0514916	2.12112
24	0.0730848	2.06963
25	0.0166102	2.11946
26	0.0215932	2.19254
27	0.0199322	2.27227
28	0.0332204	2.33539
29	0.0531526	2.33373
30	0.0531526	2.31546
31	0.0448475	2.30051
32	0.0664407	2.33373
33	0.137865	2.1859
34	0.109627	2.05966
35	0.210949	1.82214
36	0.31061	1.54309
37	0.426882	1.22749
38	0.488339	0.868713
39	0.561424	0.581357
40	0.451797	0.42356
41	0.267424	0.410272
42	0.0830509	0.463424
43	0.00664407	0.58634
44	0.0149492	0.712577
45	0.0282373	0.83217
46	0.0315594	0.920204
47	0.0249153	0.999933
48	0.0232543	1.07302
49	0.0149492	1.17766
50	0.0132881	1.27898
51	0.0332204	1.32217
52	0.0249153	1.39359
53	0.0298983	1.45505
54	0.0116271	1.54807
55	0.0116271	1.61949
56	0.0232543	1.69258
57	0.0116271	1.77231
58	0.0199322	1.86366
59	0.0315594	1.93675
60	0.0199322	2.04637
61	0.0730848	2.03143
62	0.0797289	1.96166
63	0.0265763	2.00817
64	0.0182712	2.09621
65	0.0265763	2.16265
66	0.0332204	2.21248
67	0.0232543	2.25566
68	0.0481695	2.29387
69	0.0448475	2.36031
70	0.0830509	2.31048
71	0.0199322	2.30051
72	0.0481695	2.34702
73	0.106305	2.23905
74	0.197661	2.01648
75	0.561424	1.4617
76	0.993289	0.754102
77	1.20092	0.303966
78	1.04146	0.174407
79	0.805594	0.119593
80	0.523221	0.137865
81	0.24417	0.197661
82	0.0597967	0.264102
83	0.0116271	0.370407
84	0.0116271	0.483356
85	0.0116271	0.604611
86	0.0215932	0.686001
87	0.00830509	0.785662
88	0.00830509	0.872035
89	0.00664407	0.980001
90	0.00830509	1.06305
91	0.0132881	1.17932
92	0.0182712	1.29892
93	0.0166102	1.38861
94	0.0232543	1.48163
95	0.0166102	1.58129
96	0.0265763	1.67265
97	0.0166102	1.74905
98	0.0298983	1.83709
99	0.0265763	1.90685
100	0.0315594	1.95834
101	0.0116271	2.04471
102	0.0431865	2.1178
103	0.0249153	2.19587
104	0.0282373	2.27393
105	0.0282373	2.3138
106	0.0132881	2.39685
107	0.0398644	2.43838
108	0.0498306	2.47658
109	0.117932	2.43339
110	0.352136	2.10285
111	1.08963	1.11787
112	1.55637	0.320577
113	1.43678	0.141187
114	1.16105	0.112949
115	0.901933	0.107966
116	0.601289	0.127898
117	0.245831	0.177729
118	0.0764069	0.272407
119	0.0215932	0.363763
120	0.0132881	0.483356
121	0.00996611	0.606272
122	0.0199322	0.707594
123	0.0149492	0.807255
124	0.0265763	0.891967
125	0.0199322	0.984984
126	0.00996611	1.09295
127	0.00996611	1.21587
128	0.00830509	1.3122
129	0.0199322	1.38695
130	0.0315594	1.49658
131	0.0199322	1.60787
132	0.00830509	1.70088
133	0.0182712	1.74407
134	0.0548136	1.81715
135	0.0548136	1.83376
136	0.0813899	1.85536
137	0.0681018	1.82878
138	0.102983	1.75736
139	0.124576	1.6577
140	0.0980001	1.57465
141	0.0697628	1.55804
142	0.0664407	1.58295
143	0.0514916	1.58295
144	0.0348814	1.64939
145	0.0481695	1.72414
146	0.0132881	1.80221
147	0.0182712	1.89024
148	0.0298983	1.97163
149	0.0265763	2.04471
150	0.0448475	2.10285
151	0.136204	2.01315
152	0.161119	1.88692
153	0.318916	1.57465
154	0.475051	1.14942
155	0.647797	0.808916
156	0.695967	0.516577
157	0.589662	0.345492
158	0.37539	0.298983
159	0.171085	0.322238
160	0.0315594	0.410272
161	0.0182712	0.533187
162	0.0149492	0.634509
163	0.0199322	0.772374
164	0.0166102	0.893628
165	0.0116271	0.993289
166	0.0166102	1.08132
167	0.0182712	1.176
168	0.0298983	1.29559
169	0.0199322	1.40688
170	0.0199322	1.50488
171	0.0182712	1.59126
172	0.0232543	1.70587
173	0.0315594	1.74739
174	0.0265763	1.85204
175	0.0365424	1.88692
176	0.0199322	1.92678
177	0.0215932	2.03143
178	0.0365424	2.11115
179	0.0614577	2.10285
180	0.0348814	2.12278
181	0.0465085	2.19254
182	0.0465085	2.17095
183	0.0282373	2.25068
184	0.0249153	2.30549
185	0.0298983	2.36695
186	0.0481695	2.42343
187	0.0166102	2.52309
188	0.0398644	2.58787
189	0.0465085	2.65929
190	0.0232543	2.72739
191	0.0315594	2.83038
192	0.0797289	2.77888
193	0.093017	2.69749
194	0.234204	2.46329
195	0.980001	1.47997
196	1.75902	0.443492
197	1.74407	0.137865
198	1.50488	0.089695
199	1.20258	0.0946781
200	0.906916	0.0963391
201	0.594645	0.122915
202	0.31061	0.174407
203	0.093017	0.255797
204	0.0116271	0.345492
205	0.0298983	0.436848
206	0.0232543	0.541492
207	0.0199322	0.654441
208	0.0249153	0.75078
209	0.0149492	0.83217
210	0.0315594	0.940137
211	0.0215932	1.05807
212	0.0232543	1.16105
213	0.0182712	1.26237
214	0.0249153	1.36868
215	0.0265763	1.45505
216	0.0166102	1.55305
217	0.0116271	1.66932
218	0.0298983	1.77397
219	0.0382034	1.89024
220	0.0365424	1.95336
221	0.0232543	2.05634
222	0.0448475	2.1261
223	0.0514916	2.15766
224	0.0448475	2.2158
225	0.0448475	2.22078
226	0.0332204	2.23905
227	0.0265763	2.27227
228	0.0199322	2.33705
229	0.0298983	2.4118
230	0.0265763	2.46993
231	0.0514916	2.50316
232	0.0448475	2.48821
233	0.0514916	2.46495
234	0.0431865	2.47326
235	0.0730848	2.41678
236	0.088034	2.35865
237	0.200983	2.15434
238	0.47339	1.66932
239	1.02817	0.843797
240	1.22085	0.333865
241	1.02817	0.187695
242	0.792306	0.161119
243	0.523221	0.169424
244	0.240848	0.222576
245	0.0597967	0.317255
246	0.0149492	0.398644
247	0.0132881	0.490001
248	0.0132881	0.604611
249	0.0166102	0.715899
250	0.0199322	0.802272
251	0.0166102	0.921865
252	0.0149492	1.01156
253	0.0232543	1.10956
254	0.0398644	1.1677
255	0.0265763	1.22749
256	0.00830509	1.30888
257	0.0182712	1.38197
258	0.0265763	1.46336
259	0.0348814	1.53976
260	0.00996611	1.60953
261	0.0166102	1.72414
262	0.0332204	1.79722
263	0.0215932	1.862
264	0.0298983	1.90851
265	0.0365424	1.98326
266	0.0265763	2.04637
267	0.0514916	2.06797
268	0.0714238	2.058
269	0.0365424	2.06465
270	0.0265763	2.11448
271	0.0332204	2.156
272	0.0647797	2.17593
273	0.0249153	2.25068
274	0.0166102	2.32709
275	0.0315594	2.39187
276	0.084712	2.33207
277	0.136204	2.18424
278	0.171085	1.98824
279	0.272407	1.73743
280	0.392	1.372
281	0.576373	0.928509
282	0.634509	0.594645
283	0.596306	0.405289
284	0.453458	0.337187
285	0.282373	0.323899
286	0.0581357	0.392
287	0.0182712	0.511594
288	0.0265763	0.63617
289	0.0132881	0.744136
290	0.0132881	0.873696
291	0.0166102	0.99495
292	0.0132881	1.09959
293	0.0265763	1.19759
294	0.0282373	1.28729
295	0.0282373	1.37698
296	0.0332204	1.43346
297	0.0182712	1.52315
298	0.0199322	1.61119
299	0.0116271	1.7341
300	0.0265763	1.80885
301	0.0514916	1.82048
302	0.0298983	1.87529
303	0.0631187	1.90519
304	0.0298983	1.97163
305	0.0116271	2.05634
306	0.0166102	2.13275
307	0.0199322	2.20583
308	0.0315594	2.26729
309	0.0199322	2.34536
310	0.0498306	2.41512
311	0.089695	2.38854
312	0.234204	2.12112
313	0.75078	1.41519
314	1.33712	0.539831
315	1.43346	0.182712
316	1.20756	0.116271
317	0.955086	0.129559
318	0.705933	0.149492
319	0.433526	0.181051
320	0.174407	0.214271
321	0.0282373	0.302305
322	0.0249153	0.430204
323	0.0149492	0.55478
324	0.0182712	0.68434
325	0.00830509	0.792306
326	0.0182712	0.915221
327	0.0215932	1.00492
328	0.0265763	1.11953
329	0.0182712	1.21919
330	0.0116271	1.34543
331	0.00332204	1.4401
332	0.0166102	1.53976
333	0.0116271	1.65936
334	0.0232543	1.74241
335	0.0215932	1.82878
336	0.0166102	1.91515
337	0.0365424	2.00319
338	0.0315594	2.07129
339	0.0448475	2.10949
340	0.093017	2.07129
341	0.101322	1.94339
342	0.191017	1.77729
343	0.224238	1.58461
344	0.294	1.35705
345	0.230882	1.17766
346	0.151153	1.09627
347	0.0465085	1.14112
348	0.0215932	1.2142
349	0.0282373	1.30722
350	0.0199322	1.39858
351	0.0249153	1.47997
352	0.0132881	1.56468
353	0.0199322	1.666
354	0.0315594	1.74573
355	0.0531526	1.75404
356	0.0265763	1.82712
357	0.0348814	1.90519
358	0.0382034	1.95834
359	0.0298983	2.0198
360	0.0282373	2.08624
361	0.0415255	2.12278
362	0.0365424	2.156
363	0.0647797	2.156
364	0.0166102	2.17926
365	0.0166102	2.24902
366	0.0398644	2.25732
367	0.0315594	2.30549
368	0.0498306	2.32044
369	0.0730848	2.28058
370	0.0398644	2.26065
371	0.0531526	2.27892
372	0.0348814	2.28888
373	0.0298983	2.31546
374	0.0215932	2.36695
375	0.00996611	2.41844
376	0.0514916	2.47824
377	0.13122	2.37027
378	0.31061	2.01149
379	0.862069	1.21587
380	1.52648	0.360441
381	1.53976	0.119593
382	1.30058	0.0747458
383	0.955086	0.102983
384	0.659424	0.142848
385	0.395322	0.156136
386	0.147831	0.237526
387	0.0232543	0.323899
388	0.00830509	0.441831
389	0.0166102	0.544814
390	0.0265763	0.654441
391	0.0166102	0.769052
392	0.0132881	0.872035
393	0.0116271	0.975018
394	0.00996611	1.08963
395	0.0215932	1.1677
396	0.0282373	1.25573
397	0.0132881	1.35207
398	0.0249153	1.45505
399	0.0132881	1.53478
400	0.0149492	1.64607
401	0.0282373	1.73909
402	0.0232543	1.81217
403	0.0249153	1.85868
404	0.0132881	1.92346
405	0.0382034	2.00817
406	0.0315594	2.02478
407	0.0249153	2.1178
408	0.0332204	2.22909
409	0.0481695	2.31048
410	0.0714238	2.29054
411	0.0830509	2.24404
412	0.0714238	2.20583
413	0.209288	2.01482
414	0.430204	1.59624
415	0.938476	0.906916
416	1.17268	0.388678
417	1.01987	0.196
418	0.760747	0.157797
419	0.518238	0.172746
420	0.280712	0.207627
421	0.0697628	0.312272
422	0.0215932	0.400305
423	0.00996611	0.519899
424	0.0132881	0.654441
425	0.0132881	0.76573
426	0.0132881	0.872035
427	0.0149492	0.971696
428	0.00830509	1.07634
429	0.00332204	1.19759
430	0.0249153	1.28065
431	0.0298983	1.36037
432	0.0215932	1.46004
433	0.0149492	1.568
434	0.00830509	1.65271
435	0.0199322	1.74739
436	0.0431865	1.80885
437	0.0332204	1.82048
438	0.0382034	1.83376
439	0.0182712	1.93176
440	0.0332204	1.9899
441	0.0348814	2.02146
442	0.0382034	2.09288
443	0.0448475	2.156
444	0.0498306	2.2158
445	0.0282373	2.24238
446	0.0315594	2.30882
447	0.0182712	2.40516
448	0.0664407	2.39685
449	0.0797289	2.30549
450	0.0564746	2.27061
451	0.0780679	2.22078
452	0.0481695	2.24071
453	0.0481695	2.25566
454	0.0465085	2.28224
455	0.0714238	2.27726
456	0.112949	2.15766
457	0.219254	1.91017
458	0.350475	1.58959
459	0.581357	1.10624
460	0.915221	0.568068
461	0.953425	0.307288
462	0.787323	0.186034
463	0.531526	0.166102
464	0.269085	0.21261
465	0.0681018	0.290678
466	0.0215932	0.400305
467	0.00996611	0.501628
468	0.00830509	0.614577
469	0.0199322	0.702611
470	0.0199322	0.813899
471	0.0199322	0.940137
472	0.0282373	1.02153
473	0.0182712	1.16105
474	0.0199322	1.28065
475	0.0365424	1.37532
476	0.0166102	1.47166
477	0.0182712	1.568
478	0.0282373	1.63943
479	0.00830509	1.72746
480	0.0365424	1.79556
481	0.0249153	1.84373
482	0.0215932	1.93176
483	0.0465085	1.96
484	0.0298983	2.00817
485	0.0182712	2.08126
486	0.00830509	2.19919
487	0.0265763	2.2839
488	0.0232543	2.35699
489	0.0282373	2.40682
490	0.0365424	2.45332
491	0.0730848	2.43007
492	0.174407	2.28058
493	0.317255	1.90851
494	0.759086	1.21919
495	1.176	0.478373
496	1.15109	0.232543
497	0.93017	0.142848
498	0.597967	0.141187
499	0.323899	0.184373
500	0.0714238	0.290678
501	0.0232543	0.378712
502	0.0149492	0.490001
503	0.00498306	0.614577
504	0.00996611	0.744136
505	0.0232543	0.865391
506	0.0166102	0.963391
507	0.0116271	1.06471
508	0.0149492	1.1461
509	0.00664407	1.28231
510	0.00498306	1.37865
511	0.0149492	1.47665
512	0	1.58295
513	0.0215932	1.66102
514	0.0282373	1.71251
515	0.00830509	1.83543
516	0.00664407	1.92512
517	0.0315594	1.99156
518	0.0548136	2.02976
519	0.0647797	2.03143
520	0.0282373	2.05136
521	0.0332204	2.11115
522	0.0232543	2.19919
523	0.0382034	2.254
524	0.0249153	2.3138
525	0.0332204	2.35699
526	0.0448475	2.42177
527	0.0365424	2.46661
528	0.0232543	2.55132
529	0.0298983	2.57624
530	0.0365424	2.62939
531	0.0730848	2.62275
532	0.191017	2.42177
533	0.558102	1.84207
534	1.33048	0.823865
535	1.56136	0.245831
536	1.36702	0.104644
537	1.07966	0.106305
538	0.785662	0.126237
539	0.499967	0.149492
540	0.21261	0.197661
541	0.0382034	0.298983
542	0.0116271	0.410272
543	0.0149492	0.511594
544	0.0166102	0.607933
545	0.0199322	0.737492
546	0.00498306	0.862069
547	0.00830509	0.975018
548	0.00498306	1.06139
549	0.0249153	1.16271
550	0.0232543	1.24909
551	0.0166102	1.34376
552	0.0249153	1.42349
553	0.0315594	1.48163
554	0.0215932	1.58793
555	0.00830509	1.67431
556	0.0132881	1.79058
557	0.0282373	1.84207
558	0.0132881	1.92014
559	0.00996611	2.03973
560	0.0199322	2.11448
561	0.0365424	2.19421
562	0.0415255	2.24736
563	0.00996611	2.30549
564	0.0132881	2.40516
565	0.0282373	2.46827
566	0.0215932	2.49817
567	0.0597967	2.52641
568	0.0564746	2.5181
569	0.0797289	2.48987
570	0.0647797	2.43007
571	0.139526	2.27726
572	0.285695	1.93675
573	0.637831	1.37698
574	1.14444	0.611255
575	1.22085	0.224238
576	1.00492	0.14617
577	0.737492	0.124576
578	0.436848	0.156136
579	0.159458	0.215932
580	0.0199322	0.312272
581	0.0182712	0.438509
582	0.0116271	0.561424
583	0.0116271	0.647797
584	0.0166102	0.762408
585	0.00830509	0.86373
586	0.0132881	0.963391
587	0.0132881	1.08132
588	0.0199322	1.16437
589	0.0149492	1.26237
590	0.0332204	1.35871
591	0.0132881	1.44841
592	0.0232543	1.5298
593	0.0182712	1.63112
594	0.0249153	1.73244
595	0.0514916	1.75736
596	0.0232543	1.84207
597	0.0116271	1.92678
598	0.0149492	2.03973
599	0.0415255	2.10617
600	0.0166102	2.20417
601	0.0232543	2.30549
602	0.0182712	2.39519
603	0.0581357	2.42177
604	0.093017	2.37858
605	0.0780679	2.31712
606	0.0548136	2.29885
607	0.088034	2.25566
608	0.0315594	2.28224
609	0.0780679	2.29885
610	0.13122	2.20749
611	0.289017	1.88193
612	0.641153	1.27898
613	1.11953	0.579696
614	1.19095	0.267424
615	0.980001	0.187695
616	0.755763	0.164441
617	0.50495	0.189356
618	0.21261	0.237526
619	0.0415255	0.328882
620	0.00830509	0.468407
621	0.0166102	0.576373
622	0.0199322	0.727526
623	0.0149492	0.817221
624	0.0149492	0.928509
625	0.0166102	1.03814
626	0.0232543	1.13448
627	0.0149492	1.24576
628	0.0116271	1.3637
629	0.0332204	1.45007
630	0.0382034	1.50156
631	0.0332204	1.56136
632	0.0116271	1.63444
633	0.0282373	1.6959
634	0.0249153	1.80553
635	0.0282373	1.89356
636	0.0531526	1.94505
637	0.0415255	2.01315
638	0.0365424	2.07793
639	0.0514916	2.09122
640	0.0249153	2.14438
641	0.0298983	2.14438
642	0.0265763	2.23241
643	0.0298983	2.30715
644	0.0348814	2.3819
645	0.0664407	2.36861
646	0.0664407	2.31546
647	0.093017	2.21912
648	0.109627	2.1261
649	0.152814	2.00485
650	0.368746	1.67431
651	0.784001	1.05475
652	1.00159	0.528204
653	0.960069	0.26078
654	0.724204	0.189356
655	0.478373	0.207627
656	0.234204	0.22756
657	0.0631187	0.297322
658	0.0199322	0.408611
659	0.0315594	0.485017
660	0.0182712	0.584679
661	0.0149492	0.704272
662	0.00996611	0.827187
663	0.0166102	0.940137
664	0.0199322	1.01488
665	0.0232543	1.07966
666	0.0232543	1.16604
667	0.0132881	1.29393
668	0.0265763	1.35373
669	0.0298983	1.42848
670	0.0481695	1.45339
671	0.0182712	1.5381
672	0.0116271	1.62614
673	0.0149492	1.69756
674	0.0315594	1.79556
675	0.0282373	1.88692
676	0.0348814	1.94173
677	0.0249153	2.02312
678	0.0365424	2.04637
679	0.084712	2.00485
680	0.119593	1.93509
681	0.136204	1.79888
682	0.0963391	1.73909
683	0.0780679	1.69424
684	0.0232543	1.74739
685	0.0149492	1.79888
686	0.0182712	1.88193
687	0.0365424	1.92844
688	0.0298983	1.97827
689	0.0415255	2.06299
690	0.0249153	2.13275
691	0.0382034	2.20417
692	0.0448475	2.20749
693	0.0415255	2.25899
694	0.0315594	2.24071
695	0.0398644	2.29221
696	0.0548136	2.29387
697	0.0265763	2.34038
698	0.0465085	2.36197
699	0.0382034	2.3819
700	0.0282373	2.43339
701	0.0764069	2.39519
702	0.151153	2.24736
703	0.431865	1.78393
704	0.941798	1.03149
705	1.28895	0.383695
706	1.28397	0.166102
707	1.0398	0.132881
708	0.705933	0.13122
709	0.385356	0.187695
710	0.172746	0.235865
711	0.0398644	0.345492
712	0.0132881	0.453458
713	0.00830509	0.58634
714	0.0116271	0.722543
715	0.00830509	0.872035
716	0.0265763	0.965052
717	0.0215932	1.06471
718	0.0116271	1.176
719	0.0282373	1.22915
720	0.0232543	1.32217
721	0.0215932	1.4019
722	0.0166102	1.50156
723	0.0149492	1.58461
724	0.0465085	1.64939
725	0.0182712	1.69092
726	0.0199322	1.75071
727	0.0265763	1.80885
728	0.0282373	1.86865
729	0.0315594	1.90685
730	0.0265763	1.94671
731	0.0315594	2.02644
732	0.0481695	2.08292
733	0.0298983	2.13939
734	0.0365424	2.19919
735	0.0780679	2.1178
736	0.0498306	2.12278
737	0.088034	2.04471
738	0.142848	1.92014
739	0.333865	1.58793
740	0.647797	1.06803
741	0.989967	0.544814
742	0.963391	0.302305
743	0.759086	0.186034
744	0.548136	0.169424
745	0.269085	0.197661
746	0.0730848	0.265763
747	0.0182712	0.378712
748	0.00830509	0.471729
749	0.00830509	0.57139
750	0.00830509	0.686001
751	0.00996611	0.800611
752	0.0265763	0.916882
753	0.00664407	1.00326
754	0.0215932	1.09129
755	0.0182712	1.18597
756	0.0215932	1.27234
757	0.0298983	1.35705
758	0.0265763	1.44343
759	0.0199322	1.52648
760	0.0132881	1.62614
761	0.0514916	1.65604
762	0.0265763	1.71085
763	0.0166102	1.79888
764	0.0199322	1.90187
765	0.0481695	1.97329
766	0.0282373	2.03973
767	0.0780679	2.04139
768	0.0764069	2.00153
769	0.14617	1.85702
770	0.126237	1.74739
771	0.0780679	1.67929
772	0.0747458	1.66766
773	0.0332204	1.69922
774	0.0298983	1.76566
775	0.0531526	1.81051
776	0.0398644	1.85037
777	0.0199322	1.8919
778	0.0199322	1.97329
779	0.0132881	2.03309
780	0.0265763	2.10949
781	0.0315594	2.1859
782	0.0315594	2.27227
783	0.0514916	2.31214
784	0.0597967	2.31048
785	0.0382034	2.34536
786	0.0431865	2.36197
787	0.0232543	2.39851
788	0.0448475	2.41014
789	0.119593	2.38024
790	0.245831	2.08292
791	0.75078	1.40356
792	1.372	0.534848
793	1.39526	0.189356
794	1.15939	0.112949
795	0.875357	0.139526
796	0.568068	0.166102
797	0.300644	0.210949
798	0.0963391	0.275729
799	0.00664407	0.40695
800	0.0182712	0.52156
801	0.0215932	0.644475
802	0.0166102	0.752441
803	0.0298983	0.86373
804	0.0282373	0.97834
805	0.0199322	1.05309
806	0.0199322	1.15275
807	0.0332204	1.22251
808	0.0298983	1.32881
809	0.0166102	1.41187
810	0.00664407	1.50156
811	0.0232543	1.58959
812	0.0132881	1.68593
813	0.0132881	1.79556
814	0.00332204	1.87861
815	0.0382034	1.9301
816	0.0514916	1.94173
817	0.0415255	1.98492
818	0.0465085	2.01648
819	0.0232543	2.0497
820	0.0315594	2.13773
821	0.0764069	2.13275
822	0.0813899	2.08458
823	0.11461	1.97495
824	0.117932	1.86034
825	0.104644	1.77895
826	0.0448475	1.7557
827	0.0365424	1.80054
828	0.0265763	1.88027
829	0.0116271	1.94339
830	0.0415255	1.98658
831	0.0199322	2.01814
832	0.0249153	2.09953
833	0.0465085	2.16763
834	0.0282373	2.2241
835	0.0465085	2.24071
836	0.0465085	2.24902
837	0.0597967	2.25899
838	0.088034	2.21912
839	0.0830509	2.19421
840	0.0797289	2.15102
841	0.0431865	2.12112
842	0.088034	2.08126
843	0.161119	1.92678
844	0.335526	1.58959
845	0.516577	1.14112
846	0.611255	0.76573
847	0.599628	0.493323
848	0.476712	0.378712
849	0.250814	0.396983
850	0.0614577	0.466746
851	0.0199322	0.576373
852	0.00996611	0.681018
853	0.0166102	0.777357
854	0.0232543	0.867052
855	0.0182712	0.953425
856	0.0166102	1.0481
857	0.0398644	1.176
858	0.00830509	1.24909
859	0.0132881	1.33546
860	0.0332204	1.42515
861	0.0249153	1.49326
862	0.0332204	1.58129
863	0.0249153	1.67098
864	0.00664407	1.77065
865	0.00996611	1.88858
866	0.0166102	1.96
867	0.0232543	2.08956
868	0.0465085	2.14105
869	0.0465085	2.18092
870	0.0564746	2.17593
871	0.0448475	2.22078
872	0.0365424	2.23739
873	0.0149492	2.33539
874	0.0365424	2.36861
875	0.0797289	2.39187
876	0.142848	2.30217
877	0.34217	1.94173
878	0.999933	1.03149
879	1.36868	0.355458
880	1.23081	0.17939
881	0.975018	0.117932
882	0.679357	0.13122
883	0.393661	0.184373
884	0.132881	0.219254
885	0.0332204	0.328882
886	0.00996611	0.418577
887	0.00996611	0.514916
888	0.0132881	0.647797
889	0.0116271	0.76573
890	0.00332204	0.878679
891	0.0215932	0.976679
892	0.0166102	1.03814
893	0.0348814	1.14776
894	0.0199322	1.24244
895	0.0232543	1.34376
896	0.0166102	1.46834
897	0.0199322	1.54309
898	0.0282373	1.61783
899	0.0116271	1.72082
900	0.0199322	1.79224
901	0.0132881	1.86698
902	0.0116271	1.96332
903	0.0332204	2.05468
904	0.0182712	2.13773
905	0.0465085	2.19088
906	0.0348814	2.20915
907	0.0581357	2.20085
908	0.0282373	2.20417
909	0.0431865	2.24238
910	0.0282373	2.30882
911	0.0531526	2.31546
912	0.0581357	2.29885
913	0.0614577	2.25566
914	0.0813899	2.23407
915	0.176068	2.04471
916	0.332204	1.73576
917	0.697628	1.14444
918	1.0182	0.546475
919	1.09959	0.230882
920	0.89695	0.174407
921	0.594645	0.164441
922	0.312272	0.202644
923	0.109627	0.257458
924	0.0215932	0.35878
925	0.0116271	0.470068
926	0.0149492	0.584679
927	0.00830509	0.694306
928	0.0132881	0.788984
929	0.0132881	0.872035
930	0.0232543	0.980001
931	0.0215932	1.07634
932	0.0182712	1.20092
933	0.0215932	1.30058
934	0.0232543	1.36868
935	0.0166102	1.47831
936	0.0265763	1.54973
937	0.00830509	1.66102
938	0.00830509	1.77397
939	0.0298983	1.84871
940	0.00996611	1.93509
941	0.0282373	2.00319
942	0.0182712	2.07129
943	0.0465085	2.1178
944	0.091356	2.0879
945	0.147831	1.96332
946	0.298983	1.63776
947	0.58634	1.18265
948	0.813899	0.676035
949	0.795628	0.387017
950	0.556441	0.332204
951	0.333865	0.315594
952	0.121254	0.365424
953	0.0282373	0.468407
954	0.00498306	0.558102
955	0.0132881	0.686001
956	0.0215932	0.775696
957	0.00830509	0.878679
958	0.0132881	0.940137
959	0.0116271	1.02651
960	0.0282373	1.08963
961	0.0215932	1.18597
962	0.0182712	1.27234
963	0.0199322	1.37865
964	0.00830509	1.47665
965	0.00332204	1.59292
966	0.0265763	1.666
967	0.0132881	1.74407
968	0.0215932	1.80387
969	0.0199322	1.8919
970	0.0182712	1.96
971	0.0398644	2.03143
972	0.0514916	2.03475
973	0.0730848	2.00651
974	0.106305	1.96
975	0.137865	1.862
976	0.224238	1.66102
977	0.257458	1.45505
978	0.32556	1.20922
979	0.37539	0.99495
980	0.410272	0.742475
981	0.328882	0.576373
982	0.21261	0.529865
983	0.0780679	0.568068
984	0.0182712	0.642814
985	0.00830509	0.777357
986	0.0182712	0.885323
987	0.00996611	1.01156
988	0.0215932	1.1162
989	0.0332204	1.21088
990	0.0249153	1.29061
991	0.0215932	1.3637
992	0.0132881	1.46336
993	0.0166102	1.54973
994	0.0249153	1.65936
995	0.0298983	1.73909
996	0.0398644	1.77895
997	0.0265763	1.84871
998	0.0265763	1.90353
999	0.0415255	1.96665
